{
 "cells": [
  {
   "cell_type": "markdown",
   "id": "76da85f7-6b2b-47a3-a81d-a4fbb5816369",
   "metadata": {},
   "source": [
    "# 0. Cam parameter"
   ]
  },
  {
   "cell_type": "code",
   "execution_count": 1,
   "id": "0e1f90bb-142b-44b8-bea1-3fa9b40beb7d",
   "metadata": {
    "tags": []
   },
   "outputs": [],
   "source": [
    "import xml.etree.ElementTree as ET\n",
    "import os\n",
    "from PIL import Image\n",
    "import numpy as np\n",
    "import cv2\n",
    "import matplotlib.pyplot as plt\n",
    "import matplotlib.patches as patches\n",
    "from skimage import io\n",
    "\n",
    "def read_camera_transforms(xml_file_path):\n",
    "    tree = ET.parse(xml_file_path)\n",
    "    root = tree.getroot()\n",
    "    sensor_calibrations = {}\n",
    "    camera_info = []\n",
    "    for camera in root.iter('camera'):\n",
    "        camera_id = camera.attrib.get('id')\n",
    "        sensor_id = camera.attrib.get('sensor_id', 'default')\n",
    "        label = camera.attrib.get('label', 'No Label')\n",
    "        transform_text = camera.find('transform').text if camera.find('transform') is not None else \"N/A\"\n",
    "        camera_info.append({\n",
    "            'camera_id': camera_id,\n",
    "            'label': label,\n",
    "            'sensor_id': sensor_id,\n",
    "            'transform': transform_text\n",
    "        })\n",
    "    return camera_info\n",
    "\n",
    "file_path = r'camera.xml'\n",
    "camera_info = read_camera_transforms(file_path)"
   ]
  },
  {
   "cell_type": "code",
   "execution_count": 2,
   "id": "e8c0c3b5-a1ad-472d-8e63-18594d6d617c",
   "metadata": {
    "tags": []
   },
   "outputs": [
    {
     "name": "stdout",
     "output_type": "stream",
     "text": [
      "{'f': '2822.7761746467008', 'cx': '-1.4846167111733253', 'cy': '-19.719878146815457', 'k1': '0.03995859213266123', 'k2': '-0.0067492350191110757', 'k3': '-0.040375477160038357', 'k4': '0', 'p1': '4.3724736785751615e-05', 'p2': '-0.0014542416392983482', 'b1': '0', 'b2': '0'}\n"
     ]
    }
   ],
   "source": [
    "import xml.etree.ElementTree as ET\n",
    "\n",
    "def read_camera_calibrations(xml_file_path):\n",
    "    tree = ET.parse(xml_file_path)\n",
    "    root = tree.getroot()\n",
    "    sensor_calibrations = {}\n",
    "    for calibration in root.iter('calibration'):\n",
    "        f = calibration.find('f').text if calibration.find('f') is not None else '0'\n",
    "        cx = calibration.find('cx').text if calibration.find('cx') is not None else '0'\n",
    "        cy = calibration.find('cy').text if calibration.find('cy') is not None else '0'\n",
    "        k1 = calibration.find('k1').text if calibration.find('k1') is not None else '0'\n",
    "        k2 = calibration.find('k2').text if calibration.find('k2') is not None else '0'\n",
    "        k3 = calibration.find('k3').text if calibration.find('k3') is not None else '0'\n",
    "        k4 = calibration.find('k4').text if calibration.find('k4') is not None else '0'\n",
    "        p1 = calibration.find('p1').text if calibration.find('p1') is not None else '0'\n",
    "        p2 = calibration.find('p2').text if calibration.find('p2') is not None else '0'\n",
    "        b1 = calibration.find('b1').text if calibration.find('b1') is not None else '0'\n",
    "        b2 = calibration.find('b2').text if calibration.find('b2') is not None else '0'                \n",
    "        sensor_calibrations = {\n",
    "            'f': f, \n",
    "            'cx': cx, \n",
    "            'cy': cy,\n",
    "            'k1':k1,\n",
    "            'k2':k2,\n",
    "            'k3':k3,\n",
    "            'k4':k4, \n",
    "            'p1':p1,\n",
    "            'p2':p2,            \n",
    "            'b1':b1,\n",
    "            'b2':b2         \n",
    "        }\n",
    "    return sensor_calibrations\n",
    "\n",
    "file_path = r'camera.xml'\n",
    "camera_para = read_camera_calibrations(file_path)\n",
    "print(camera_para)   "
   ]
  },
  {
   "cell_type": "markdown",
   "id": "e9c41e61-542c-4677-9e4f-a2666bf0e295",
   "metadata": {},
   "source": [
    "# 1. Read Annotation "
   ]
  },
  {
   "cell_type": "code",
   "execution_count": 3,
   "id": "26ec0de4-bcdc-49a3-a4f2-f5ce9a095558",
   "metadata": {
    "tags": []
   },
   "outputs": [],
   "source": [
    "import json\n",
    "\n",
    "def load_and_extract_data(file_path, index):\n",
    "    \n",
    "    with open(file_path, 'r', encoding='utf-8') as file:\n",
    "        data = json.load(file)\n",
    "    if index < 0 or index > len(data):\n",
    "        return \"Index is out of range, please enter a valid index.\"\n",
    "    extracted_data = data[index]\n",
    "    return extracted_data"
   ]
  },
  {
   "cell_type": "code",
   "execution_count": 4,
   "id": "4e343a6d-3068-4192-b1dd-fb526df4db00",
   "metadata": {
    "tags": []
   },
   "outputs": [],
   "source": [
    "id_mapping = {\n",
    "    '1a': 0, '1b': 1, '1c': 2, '1d': 3, '2a': 4, '2b': 5, '2c': 6, '2d': 7, '2e': 8, '2f': 9, '3a': 10, '3b': 11, '3c': 12, '3d': 13, '3e': 14, '4a': 15, '4b': 16, '5a': 17, '5b': 18, '5c': 19, '6a': 20, '6b': 21, '7a': 22, '7b': 23, '7c': 24, '7d': 25, '7e': 26, '7f': 27, \n",
    "    '7g': 28, '7h': 29, '7i': 30, '7j': 31, '7m': 32, '8a': 33, '9a': 34, '10a': 35, '12a': 36, '12b': 37, '13a': 38, '13b': 39, '13c': 40, '14a': 41, '14b': 42, '15a': 43, '15b': 44, '15c': 45, '16a': 46, '16b': 47, '16c': 48, '16d': 49, '16e': 50, '17a': 51, '17b': 52,\n",
    "    '17c': 53, '17f': 54, '18a': 55, '18b': 56, '18c': 57, '18d': 58, '18e': 59, '18f': 60, '18g': 61, '19a': 62, '19b': 63, '19c': 64, '20a': 65, '20b': 66, '20c': 67, '20h': 68, '20i': 69, '21a': 70, '21b': 71, '21c': 72, '23a': 73, '23b': 74, '23c': 75, '23d': 76,\n",
    "    '23e': 77, '23f': 78, '23g': 79, '23h': 80, '24a': 81, '24b': 82, '24c': 83, '24d': 84, '24e': 85, '24f': 86, '24g': 87, '24h': 88, '25a': 89, '25b': 90, '25c': 91, '26a': 92, '27a': 93, '27b': 94, '27d': 95, '27e': 96, '28a': 97, '28b': 98, '29a': 99, '30a': 100,\n",
    "    '31a': 101, '32a': 102, '33a': 103, '34a': 104, '35a': 105, '37a': 106, '37b': 107, '44a': 108, '44b': 109, '44c': 110, '44d': 111, '44e': 112, '45a': 113, '45b': 114, '45c': 115, '46a': 116, '46b': 117\n",
    "}\n",
    "reverse_mapping = {value: key for key, value in id_mapping.items()}"
   ]
  },
  {
   "cell_type": "code",
   "execution_count": 5,
   "id": "40b33107-1eb6-41ad-ba8e-00772d0a86d8",
   "metadata": {
    "tags": []
   },
   "outputs": [],
   "source": [
    "class_priority = id_mapping\n",
    "\n",
    "def GenerateMask(camera_index, camera_info, class_priority):\n",
    "    print(camera_info[camera_index])\n",
    "    camera_id = int(camera_info[camera_index]['camera_id'])\n",
    "    file_path = r'consolidated_results.json'\n",
    "    index_to_extract = camera_id\n",
    "    result = load_and_extract_data(file_path, index_to_extract)\n",
    "    print(result)\n",
    "    data = result\n",
    "    image_name = data['image_file']\n",
    "    folder_path = r'images'\n",
    "    file_path = os.path.join(folder_path, image_name)\n",
    "    if os.path.exists(file_path):\n",
    "        image = Image.open(file_path)\n",
    "        image_info = f\"Image Name: {image_name}\\nImage Size (Pixels): {image.size}\"\n",
    "        print(image_info)\n",
    "    else:\n",
    "        print(f\"Image {image_name} not found in the folder.\")\n",
    "    anns_class = []\n",
    "    anns_maskbound = []    \n",
    "    class_id = None\n",
    "    for pred in data['predictions']:\n",
    "        class_id = int(pred['class'])\n",
    "        bbox = pred['bbox'][0]\n",
    "        class_label = reverse_mapping.get(class_id, 'Unknown')\n",
    "        anns_class.append(class_label)\n",
    "        anns_maskbound.append(bbox)\n",
    "    \n",
    "    if class_id is None:\n",
    "        print(\"No valid class_id found, skipping.\")\n",
    "        return None, None, None, None\n",
    "    print(\"anns_class:\", anns_class)\n",
    "\n",
    "    text = image_info\n",
    "    lines = text.split('\\n')\n",
    "    file_name_line = lines[0]\n",
    "    size_line = lines[1]\n",
    "    img_name = file_name_line.split(': ')[1]\n",
    "    img_label = img_name.split('.')[0]\n",
    "    size_info = size_line.split(': ')[1].strip('()')\n",
    "    img_width, img_height = size_info.split(', ')\n",
    "    img_height = int(img_height)\n",
    "    img_width = int(img_width)\n",
    "    mask = np.zeros((img_height, img_width), dtype=np.uint8)\n",
    "    anns_combined = list(zip(anns_class, anns_maskbound))\n",
    "    anns_sorted = sorted(anns_combined, key=lambda x: class_priority.get(x[0], 99))\n",
    "    print(anns_sorted)\n",
    "    \n",
    "    for cls, boundaries in anns_sorted:\n",
    "        for boundary in boundaries:\n",
    "            print(\"Boundary:\", boundary)\n",
    "            if len(boundaries) == 4:\n",
    "                x1, y1, x2, y2 = boundaries\n",
    "                pts = np.array([[x1, y1], [x2, y1], [x2, y2], [x1, y2]], dtype=np.int32).reshape((-1, 1, 2))\n",
    "                cv2.fillPoly(mask, [pts], id_mapping[cls])\n",
    "\n",
    "    return img_width, img_height, img_name, mask"
   ]
  },
  {
   "cell_type": "markdown",
   "id": "a5db3acd-7808-4739-86aa-6a3cc71845b7",
   "metadata": {},
   "source": [
    "# 2. Read Point Cloud"
   ]
  },
  {
   "cell_type": "code",
   "execution_count": 15,
   "id": "f7d5f643-a054-4fee-a034-c7f7236a7fea",
   "metadata": {
    "tags": []
   },
   "outputs": [],
   "source": [
    "import open3d as o3dpoint\n",
    "import numpy as np\n",
    "\n",
    "point_cloud_file = r'point cloud.ply'\n",
    "\n",
    "pc = o3dpoint.io.read_point_cloud(point_cloud_file)\n",
    "\n",
    "point_cloud=np.asarray(pc.points)\n",
    "ds_points=point_cloud[::300]"
   ]
  },
  {
   "cell_type": "code",
   "execution_count": 8,
   "id": "f6b52b23-45db-4845-bcd8-4f70b576fd68",
   "metadata": {
    "tags": []
   },
   "outputs": [],
   "source": [
    "o3dpoint.visualization.draw_geometries([pc])"
   ]
  },
  {
   "cell_type": "markdown",
   "id": "43ca167a-b478-46a3-8fa3-4b8a756f9be7",
   "metadata": {
    "tags": []
   },
   "source": [
    "# 3. Establish Projection Model"
   ]
  },
  {
   "cell_type": "markdown",
   "id": "4d1c459d-237d-48ca-9061-841d26f76193",
   "metadata": {
    "tags": []
   },
   "source": [
    "## Reference:\n",
    "1. Metashape Projection Model: https://www.agisoft.com/pdf/metashape-pro_2_1_en.pdf\n",
    "2. Pinhole camera model: https://kornia.readthedocs.io/en/v0.1.2/pinhole.html\n",
    "3. Metashape code for Brown's distortion model: https://www.agisoft.com/forum/index.php?topic=13117.0\n",
    "4. Brown's distortion model in OpenCV: https://docs.opencv.org/4.x/d4/d94/tutorial_camera_calibration.html"
   ]
  },
  {
   "cell_type": "code",
   "execution_count": 9,
   "id": "9117c0db-d2d4-45ab-bd1a-e75f1abecc0d",
   "metadata": {
    "tags": []
   },
   "outputs": [],
   "source": [
    "from numpy.linalg import inv\n",
    "from numpy import array\n",
    "import math\n",
    "\n",
    "\n",
    "def convert_point_to_pixel(point, camera_info, camera_para, img_width, img_height,img_name):\n",
    "    img_name_label=img_name.split('.')[0]\n",
    "    cam=next((camera for camera in camera_info if camera['label'] == img_name_label), None)\n",
    "\n",
    "    transform=cam['transform']\n",
    "    transform_list = list(map(float, transform.split()))\n",
    "    transform_matrix = np.array(transform_list).reshape(4, 4)\n",
    "    transform_matrix_3Dto2D=inv(transform_matrix)\n",
    "    \n",
    "    point_h = np.append(point, 1)   \n",
    "    point_2D=transform_matrix_3Dto2D@point_h\n",
    "\n",
    "    X, Y, Z= point_2D[0:3]\n",
    "    x=X/Z\n",
    "    y=Y/Z\n",
    "\n",
    "    f=float(camera_para['f'])\n",
    "    cx=float(camera_para['cx'])\n",
    "    cy=float(camera_para['cy'])\n",
    "    k1=float(camera_para['k1'])\n",
    "    k2=float(camera_para['k2'])\n",
    "    k3=float(camera_para['k3'])\n",
    "    k4=float(camera_para['k4'])\n",
    "    p1=float(camera_para['p1'])\n",
    "    p2=float(camera_para['p2'])\n",
    "    b1=float(camera_para['b1'])\n",
    "    b2=float(camera_para['b2'])\n",
    "\n",
    "    r = math.sqrt(x**2 + y**2)\n",
    "\n",
    "    x_rad = x*(1 + k1*r**2 + k2*r**4 + k3*r**6 + k4*r**8)\n",
    "    x_tang = (p1*(r**2 + 2*x**2) + 2*p2*x*y)\n",
    "    y_rad = y*(1 + k1*r**2 + k2*r**4 + k3*r**6 + k4*r**8)\n",
    "    y_tang = (p2*(r**2 + 2*y**2) + 2*p1*x*y)\n",
    "\n",
    "    x_dash = x_rad + x_tang\n",
    "    y_dash = y_rad + y_tang\n",
    "\n",
    "    u = img_width*0.5 + cx + x_dash*f + x_dash*b1 + y_dash*b2\n",
    "    v = img_height *0.5 + cy + y_dash*f\n",
    "    \n",
    "    return np.asarray([u,v])"
   ]
  },
  {
   "cell_type": "code",
   "execution_count": 10,
   "id": "f258b90a-eba9-4168-9efa-2c4e394690e3",
   "metadata": {
    "tags": []
   },
   "outputs": [],
   "source": [
    "def custom_project_points_to_image(point_cloud, camera_info, camera_para, img_width, img_height, img_name,mask):\n",
    "    class_info_list = []\n",
    "\n",
    "    if next_camera_position:\n",
    "        camera_to_next_vector = [next_camera_position[j] - camera_position[j] for j in range(3)]\n",
    "    else:\n",
    "        camera_to_next_vector = None\n",
    "        \n",
    "    for point in point_cloud:\n",
    "        \n",
    "        pixel= convert_point_to_pixel(point, camera_info, camera_para, img_width, img_height,img_name)\n",
    "\n",
    "        if (0<= pixel[0]<img_width) and (0<= pixel[1]<img_height):\n",
    "            class_info = mask[int(pixel[1]), int(pixel[0])]\n",
    "        else:\n",
    "            class_info = -1\n",
    "\n",
    "        if camera_to_next_vector is not None and class_info != -1:\n",
    "            point_position = point\n",
    "            camera_to_point_vector = [point_position[j] - camera_position[j] for j in range(3)]\n",
    "\n",
    "            dot_product = sum(camera_to_next_vector[j] * camera_to_point_vector[j] for j in range(3))\n",
    "            \n",
    "            if dot_product <= 0:\n",
    "                class_info = -1\n",
    "\n",
    "        class_info_list.append(class_info)\n",
    "\n",
    "    return class_info_list"
   ]
  },
  {
   "cell_type": "code",
   "execution_count": 11,
   "id": "a2636f81-f0dd-417a-98d4-a4b475298525",
   "metadata": {
    "tags": []
   },
   "outputs": [],
   "source": [
    "import numpy as np\n",
    "from collections import defaultdict, Counter\n",
    "\n",
    "def extract_camera_position(transform):\n",
    "\n",
    "    transform_values = list(map(float, transform.split()))\n",
    "    \n",
    "    print(\"Transform values:\", transform_values) \n",
    "    \n",
    "    position = [transform_values[3], transform_values[7], transform_values[11]]\n",
    "    \n",
    "    print(\"Extracted position:\", position)\n",
    "    \n",
    "    return position\n",
    "\n",
    "def apply_distance_filter(class_info_list, points, camera_position, max_distance):\n",
    "    filtered_class_info = []\n",
    "    valid_counts = []\n",
    "    for point, class_info in zip(points, class_info_list):\n",
    "        if np.linalg.norm(np.array(point) - np.array(camera_position)) > max_distance:\n",
    "            filtered_class_info.append(0)  \n",
    "            valid_counts.append(0)\n",
    "        else:\n",
    "            filtered_class_info.append(class_info)  \n",
    "            valid_counts.append(1)  \n",
    "    return filtered_class_info, valid_counts"
   ]
  },
  {
   "cell_type": "code",
   "execution_count": 12,
   "id": "cd9b7bf2-2ac9-4867-a235-cbd033872569",
   "metadata": {
    "tags": []
   },
   "outputs": [],
   "source": [
    "import numpy as np\n",
    "from collections import defaultdict, Counter\n",
    "\n",
    "def majority_vote(values):\n",
    "    count = Counter(values)\n",
    "    count.pop(-1, None)  \n",
    "    count.pop(0, None)   \n",
    "    if count:\n",
    "        return count.most_common(1)[0][0]\n",
    "    else:\n",
    "        return 0 "
   ]
  },
  {
   "cell_type": "code",
   "execution_count": 12,
   "id": "dd3735b6-d102-429c-8664-6b0297f4653a",
   "metadata": {
    "jupyter": {
     "source_hidden": true
    },
    "scrolled": true,
    "tags": []
   },
   "outputs": [],
   "source": [
    "# 无向量筛选\n",
    "# # 初始化存储每个摄像头结果的列表\n",
    "# all_filtered_class_infos = []\n",
    "# valid_projections = defaultdict(int)  # 累计每个点在有效范围内的出现次数\n",
    "\n",
    "# # 处理前 i 个摄像头\n",
    "# for i in range(139):\n",
    "#     camera_index = i  \n",
    "#     img_width, img_height, img_name, mask = GenerateMask(camera_index, camera_info, class_priority)\n",
    "#     if img_width is None:\n",
    "#         continue  # 如果返回值为 None，跳过当前循环\n",
    "#     camera_position = extract_camera_position(camera_info[camera_index]['transform'])\n",
    "#     class_info_list = custom_project_points_to_image(ds_points, camera_info, camera_para, img_width, img_height, img_name, mask)\n",
    "    \n",
    "#     max_distance = 100\n",
    "#     filtered_class_info, valid_counts = apply_distance_filter(class_info_list, ds_points, camera_position, max_distance)\n",
    "#     all_filtered_class_infos.append(filtered_class_info)\n",
    "#     for idx, count in enumerate(valid_counts):\n",
    "#         valid_projections[idx] += count  # 累加每个点在有效范围内的计数\n",
    "\n",
    "# # 应用阈值和决策规则\n",
    "# final_filtered_class_info = []\n",
    "# threshold = 0\n",
    "# for idx, labels in enumerate(zip(*all_filtered_class_infos)):  # 使用 zip(*) 转置列表\n",
    "#     non_neg_labels = [label for label in labels if label not in (-1, 0)]\n",
    "#     if valid_projections[idx] > 0 and len(non_neg_labels) / valid_projections[idx] > threshold:\n",
    "#         final_label = majority_vote(non_neg_labels)   \n",
    "#     else:\n",
    "#         final_label = -1\n",
    "#     final_filtered_class_info.append(final_label)\n",
    "\n",
    "# # 输出最终的分类结果\n",
    "# print(final_filtered_class_info)"
   ]
  },
  {
   "cell_type": "code",
   "execution_count": 16,
   "id": "c4ff5db0-6f98-4575-8748-f22b5e499e46",
   "metadata": {
    "scrolled": true
   },
   "outputs": [
    {
     "name": "stdout",
     "output_type": "stream",
     "text": [
      "{'camera_id': '0', 'label': 'frame_0000', 'sensor_id': '0', 'transform': '0.99939159700617797 -0.0079063785040407609 -0.033969471770875198 1.1525284631105057 -0.0080032229337263817 -0.99996428552287142 -0.0027158979005930117 0.71342949283616341 -0.033946785652172143 0.0029861107957024902 -0.99941918076761038 45.943179163308237 0 0 0 1'}\n",
      "{'image_file': 'frame_0000.png', 'predictions': [{'class': 89.0, 'confidence': 0.9420522451400757, 'bbox': [[2544.64697265625, 1307.96875, 2634.67333984375, 1395.8896484375]]}]}\n",
      "Image Name: frame_0000.png\n",
      "Image Size (Pixels): (3840, 2160)\n",
      "anns_class: ['25a']\n",
      "[('25a', [2544.64697265625, 1307.96875, 2634.67333984375, 1395.8896484375])]\n",
      "Boundary: 2544.64697265625\n",
      "Boundary: 1307.96875\n",
      "Boundary: 2634.67333984375\n",
      "Boundary: 1395.8896484375\n",
      "85041\n",
      "{'f': '2822.7761746467008', 'cx': '-1.4846167111733253', 'cy': '-19.719878146815457', 'k1': '0.03995859213266123', 'k2': '-0.0067492350191110757', 'k3': '-0.040375477160038357', 'k4': '0', 'p1': '4.3724736785751615e-05', 'p2': '-0.0014542416392983482', 'b1': '0', 'b2': '0'}\n",
      "3840\n",
      "2160\n",
      "frame_0000.png\n",
      "[[0 0 0 ... 0 0 0]\n",
      " [0 0 0 ... 0 0 0]\n",
      " [0 0 0 ... 0 0 0]\n",
      " ...\n",
      " [0 0 0 ... 0 0 0]\n",
      " [0 0 0 ... 0 0 0]\n",
      " [0 0 0 ... 0 0 0]]\n",
      "Transform values: [0.999391597006178, -0.007906378504040761, -0.0339694717708752, 1.1525284631105057, -0.008003222933726382, -0.9999642855228714, -0.0027158979005930117, 0.7134294928361634, -0.03394678565217214, 0.00298611079570249, -0.9994191807676104, 45.94317916330824, 0.0, 0.0, 0.0, 1.0]\n",
      "Extracted position: [1.1525284631105057, 0.7134294928361634, 45.94317916330824]\n",
      "Transform values: [0.9993985132422443, -0.007795358051223062, -0.033791184087639405, 1.1600794661341876, -0.007885668159771722, -0.9999656813614657, -0.00254014506940875, 0.7156072005361961, -0.03377022307988897, 0.002805083270227715, -0.9994256868526953, 45.931836687306806, 0.0, 0.0, 0.0, 1.0]\n",
      "Extracted position: [1.1600794661341876, 0.7156072005361961, 45.931836687306806]\n",
      "85041\n",
      "85041\n",
      "{'camera_id': '1', 'label': 'frame_0001', 'sensor_id': '0', 'transform': '0.99939851324224427 -0.0077953580512230619 -0.033791184087639405 1.1600794661341876 -0.0078856681597717221 -0.99996568136146569 -0.0025401450694087502 0.71560720053619609 -0.033770223079888972 0.0028050832702277151 -0.99942568685269528 45.931836687306806 0 0 0 1'}\n",
      "{'image_file': 'frame_0001.png', 'predictions': [{'class': 89.0, 'confidence': 0.9500564336776733, 'bbox': [[2542.777587890625, 1309.68994140625, 2631.710205078125, 1397.242919921875]]}]}\n",
      "Image Name: frame_0001.png\n",
      "Image Size (Pixels): (3840, 2160)\n",
      "anns_class: ['25a']\n",
      "[('25a', [2542.777587890625, 1309.68994140625, 2631.710205078125, 1397.242919921875])]\n",
      "Boundary: 2542.777587890625\n",
      "Boundary: 1309.68994140625\n",
      "Boundary: 2631.710205078125\n",
      "Boundary: 1397.242919921875\n",
      "85041\n",
      "{'f': '2822.7761746467008', 'cx': '-1.4846167111733253', 'cy': '-19.719878146815457', 'k1': '0.03995859213266123', 'k2': '-0.0067492350191110757', 'k3': '-0.040375477160038357', 'k4': '0', 'p1': '4.3724736785751615e-05', 'p2': '-0.0014542416392983482', 'b1': '0', 'b2': '0'}\n",
      "3840\n",
      "2160\n",
      "frame_0001.png\n",
      "[[0 0 0 ... 0 0 0]\n",
      " [0 0 0 ... 0 0 0]\n",
      " [0 0 0 ... 0 0 0]\n",
      " ...\n",
      " [0 0 0 ... 0 0 0]\n",
      " [0 0 0 ... 0 0 0]\n",
      " [0 0 0 ... 0 0 0]]\n",
      "Transform values: [0.9993985132422443, -0.007795358051223062, -0.033791184087639405, 1.1600794661341876, -0.007885668159771722, -0.9999656813614657, -0.00254014506940875, 0.7156072005361961, -0.03377022307988897, 0.002805083270227715, -0.9994256868526953, 45.931836687306806, 0.0, 0.0, 0.0, 1.0]\n",
      "Extracted position: [1.1600794661341876, 0.7156072005361961, 45.931836687306806]\n",
      "Transform values: [0.9994069048947372, -0.007620959047876784, -0.03358212965123806, 1.1750392092919466, -0.007722320468923543, -0.9999660072836049, -0.002889644244804271, 0.7170037079152111, -0.033558966242976274, 0.0031472623781417935, -0.9994317838273038, 45.94537417980271, 0.0, 0.0, 0.0, 1.0]\n",
      "Extracted position: [1.1750392092919466, 0.7170037079152111, 45.94537417980271]\n",
      "85041\n",
      "85041\n",
      "{'camera_id': '2', 'label': 'frame_0002', 'sensor_id': '0', 'transform': '0.99940690489473716 -0.0076209590478767842 -0.033582129651238059 1.1750392092919466 -0.0077223204689235428 -0.99996600728360485 -0.0028896442448042708 0.71700370791521106 -0.033558966242976274 0.0031472623781417935 -0.9994317838273038 45.945374179802712 0 0 0 1'}\n",
      "{'image_file': 'frame_0002.png', 'predictions': [{'class': 89.0, 'confidence': 0.9524709582328796, 'bbox': [[2536.3173828125, 1309.027099609375, 2626.9072265625, 1396.358154296875]]}]}\n",
      "Image Name: frame_0002.png\n",
      "Image Size (Pixels): (3840, 2160)\n",
      "anns_class: ['25a']\n",
      "[('25a', [2536.3173828125, 1309.027099609375, 2626.9072265625, 1396.358154296875])]\n",
      "Boundary: 2536.3173828125\n",
      "Boundary: 1309.027099609375\n",
      "Boundary: 2626.9072265625\n",
      "Boundary: 1396.358154296875\n",
      "85041\n",
      "{'f': '2822.7761746467008', 'cx': '-1.4846167111733253', 'cy': '-19.719878146815457', 'k1': '0.03995859213266123', 'k2': '-0.0067492350191110757', 'k3': '-0.040375477160038357', 'k4': '0', 'p1': '4.3724736785751615e-05', 'p2': '-0.0014542416392983482', 'b1': '0', 'b2': '0'}\n",
      "3840\n",
      "2160\n",
      "frame_0002.png\n",
      "[[0 0 0 ... 0 0 0]\n",
      " [0 0 0 ... 0 0 0]\n",
      " [0 0 0 ... 0 0 0]\n",
      " ...\n",
      " [0 0 0 ... 0 0 0]\n",
      " [0 0 0 ... 0 0 0]\n",
      " [0 0 0 ... 0 0 0]]\n",
      "Transform values: [0.9994069048947372, -0.007620959047876784, -0.03358212965123806, 1.1750392092919466, -0.007722320468923543, -0.9999660072836049, -0.002889644244804271, 0.7170037079152111, -0.033558966242976274, 0.0031472623781417935, -0.9994317838273038, 45.94537417980271, 0.0, 0.0, 0.0, 1.0]\n",
      "Extracted position: [1.1750392092919466, 0.7170037079152111, 45.94537417980271]\n",
      "Transform values: [0.9994205805103913, -0.007088358070070559, -0.03329051564849493, 1.2016330531527293, -0.007199270356492593, -0.9999689232068569, -0.003212962317357154, 0.7080825166771166, -0.03326670645865537, 0.0034507680868317014, -0.999440552729878, 45.84390256630039, 0.0, 0.0, 0.0, 1.0]\n",
      "Extracted position: [1.2016330531527293, 0.7080825166771166, 45.84390256630039]\n",
      "85041\n",
      "85041\n",
      "{'camera_id': '3', 'label': 'frame_0003', 'sensor_id': '0', 'transform': '0.99942058051039129 -0.0070883580700705591 -0.033290515648494931 1.2016330531527293 -0.0071992703564925931 -0.99996892320685693 -0.0032129623173571542 0.70808251667711664 -0.033266706458655371 0.0034507680868317014 -0.99944055272987797 45.843902566300393 0 0 0 1'}\n",
      "{'image_file': 'frame_0003.png', 'predictions': [{'class': 89.0, 'confidence': 0.950546383857727, 'bbox': [[2533.15673828125, 1308.489013671875, 2624.146484375, 1397.06591796875]]}]}\n",
      "Image Name: frame_0003.png\n",
      "Image Size (Pixels): (3840, 2160)\n",
      "anns_class: ['25a']\n",
      "[('25a', [2533.15673828125, 1308.489013671875, 2624.146484375, 1397.06591796875])]\n",
      "Boundary: 2533.15673828125\n",
      "Boundary: 1308.489013671875\n",
      "Boundary: 2624.146484375\n",
      "Boundary: 1397.06591796875\n",
      "85041\n",
      "{'f': '2822.7761746467008', 'cx': '-1.4846167111733253', 'cy': '-19.719878146815457', 'k1': '0.03995859213266123', 'k2': '-0.0067492350191110757', 'k3': '-0.040375477160038357', 'k4': '0', 'p1': '4.3724736785751615e-05', 'p2': '-0.0014542416392983482', 'b1': '0', 'b2': '0'}\n",
      "3840\n",
      "2160\n",
      "frame_0003.png\n",
      "[[0 0 0 ... 0 0 0]\n",
      " [0 0 0 ... 0 0 0]\n",
      " [0 0 0 ... 0 0 0]\n",
      " ...\n",
      " [0 0 0 ... 0 0 0]\n",
      " [0 0 0 ... 0 0 0]\n",
      " [0 0 0 ... 0 0 0]]\n",
      "Transform values: [0.9994205805103913, -0.007088358070070559, -0.03329051564849493, 1.2016330531527293, -0.007199270356492593, -0.9999689232068569, -0.003212962317357154, 0.7080825166771166, -0.03326670645865537, 0.0034507680868317014, -0.999440552729878, 45.84390256630039, 0.0, 0.0, 0.0, 1.0]\n",
      "Extracted position: [1.2016330531527293, 0.7080825166771166, 45.84390256630039]\n",
      "Transform values: [0.9994379030329997, -0.007039470761395739, -0.032776879540292625, 1.2263571821009553, -0.0071561896472841155, -0.9999684597452937, -0.0034450637668104744, 0.6981323445028157, -0.03275159432350577, 0.003677684872952662, -0.9994567562947604, 45.45331939677023, 0.0, 0.0, 0.0, 1.0]\n",
      "Extracted position: [1.2263571821009553, 0.6981323445028157, 45.45331939677023]\n",
      "85041\n",
      "85041\n",
      "{'camera_id': '4', 'label': 'frame_0004', 'sensor_id': '0', 'transform': '0.99943790303299973 -0.0070394707613957389 -0.032776879540292625 1.2263571821009553 -0.0071561896472841155 -0.99996845974529369 -0.0034450637668104744 0.69813234450281569 -0.032751594323505773 0.0036776848729526621 -0.99945675629476038 45.453319396770233 0 0 0 1'}\n",
      "{'image_file': 'frame_0004.png', 'predictions': [{'class': 89.0, 'confidence': 0.9185025095939636, 'bbox': [[2546.522705078125, 1314.732177734375, 2640.870361328125, 1407.373046875]]}]}\n",
      "Image Name: frame_0004.png\n",
      "Image Size (Pixels): (3840, 2160)\n",
      "anns_class: ['25a']\n",
      "[('25a', [2546.522705078125, 1314.732177734375, 2640.870361328125, 1407.373046875])]\n",
      "Boundary: 2546.522705078125\n",
      "Boundary: 1314.732177734375\n",
      "Boundary: 2640.870361328125\n",
      "Boundary: 1407.373046875\n",
      "85041\n",
      "{'f': '2822.7761746467008', 'cx': '-1.4846167111733253', 'cy': '-19.719878146815457', 'k1': '0.03995859213266123', 'k2': '-0.0067492350191110757', 'k3': '-0.040375477160038357', 'k4': '0', 'p1': '4.3724736785751615e-05', 'p2': '-0.0014542416392983482', 'b1': '0', 'b2': '0'}\n",
      "3840\n",
      "2160\n",
      "frame_0004.png\n",
      "[[0 0 0 ... 0 0 0]\n",
      " [0 0 0 ... 0 0 0]\n",
      " [0 0 0 ... 0 0 0]\n",
      " ...\n",
      " [0 0 0 ... 0 0 0]\n",
      " [0 0 0 ... 0 0 0]\n",
      " [0 0 0 ... 0 0 0]]\n",
      "Transform values: [0.9994379030329997, -0.007039470761395739, -0.032776879540292625, 1.2263571821009553, -0.0071561896472841155, -0.9999684597452937, -0.0034450637668104744, 0.6981323445028157, -0.03275159432350577, 0.003677684872952662, -0.9994567562947604, 45.45331939677023, 0.0, 0.0, 0.0, 1.0]\n",
      "Extracted position: [1.2263571821009553, 0.6981323445028157, 45.45331939677023]\n",
      "Transform values: [0.999448905523473, -0.007133924464509997, -0.03241901247210107, 1.2353221956287939, -0.007224447846345654, -0.9999703227097632, -0.0026760143959690397, 0.6869660508361949, -0.032398959879091964, 0.0029087491240509245, -0.9994707832534607, 44.918202571128745, 0.0, 0.0, 0.0, 1.0]\n",
      "Extracted position: [1.2353221956287939, 0.6869660508361949, 44.918202571128745]\n",
      "85041\n",
      "85041\n",
      "{'camera_id': '5', 'label': 'frame_0005', 'sensor_id': '0', 'transform': '0.99944890552347299 -0.0071339244645099971 -0.032419012472101071 1.2353221956287939 -0.0072244478463456543 -0.99997032270976316 -0.0026760143959690397 0.68696605083619489 -0.032398959879091964 0.0029087491240509245 -0.99947078325346073 44.918202571128745 0 0 0 1'}\n",
      "{'image_file': 'frame_0005.png', 'predictions': [{'class': 89.0, 'confidence': 0.9290114045143127, 'bbox': [[2574.567626953125, 1330.212646484375, 2674.535400390625, 1428.2314453125]]}]}\n",
      "Image Name: frame_0005.png\n",
      "Image Size (Pixels): (3840, 2160)\n",
      "anns_class: ['25a']\n",
      "[('25a', [2574.567626953125, 1330.212646484375, 2674.535400390625, 1428.2314453125])]\n",
      "Boundary: 2574.567626953125\n",
      "Boundary: 1330.212646484375\n",
      "Boundary: 2674.535400390625\n",
      "Boundary: 1428.2314453125\n",
      "85041\n",
      "{'f': '2822.7761746467008', 'cx': '-1.4846167111733253', 'cy': '-19.719878146815457', 'k1': '0.03995859213266123', 'k2': '-0.0067492350191110757', 'k3': '-0.040375477160038357', 'k4': '0', 'p1': '4.3724736785751615e-05', 'p2': '-0.0014542416392983482', 'b1': '0', 'b2': '0'}\n",
      "3840\n",
      "2160\n",
      "frame_0005.png\n",
      "[[0 0 0 ... 0 0 0]\n",
      " [0 0 0 ... 0 0 0]\n",
      " [0 0 0 ... 0 0 0]\n",
      " ...\n",
      " [0 0 0 ... 0 0 0]\n",
      " [0 0 0 ... 0 0 0]\n",
      " [0 0 0 ... 0 0 0]]\n",
      "Transform values: [0.999448905523473, -0.007133924464509997, -0.03241901247210107, 1.2353221956287939, -0.007224447846345654, -0.9999703227097632, -0.0026760143959690397, 0.6869660508361949, -0.032398959879091964, 0.0029087491240509245, -0.9994707832534607, 44.918202571128745, 0.0, 0.0, 0.0, 1.0]\n",
      "Extracted position: [1.2353221956287939, 0.6869660508361949, 44.918202571128745]\n",
      "Transform values: [0.9994520909137321, -0.0073678383533588715, -0.03226814103985236, 1.2669216860632824, -0.00744322810243239, -0.9999698415033372, -0.002216853447029321, 0.6824026708241268, -0.032250834463377696, 0.0024558179470837715, -0.9994767894426696, 44.568409691768004, 0.0, 0.0, 0.0, 1.0]\n",
      "Extracted position: [1.2669216860632824, 0.6824026708241268, 44.568409691768004]\n",
      "85041\n",
      "85041\n",
      "{'camera_id': '6', 'label': 'frame_0006', 'sensor_id': '0', 'transform': '0.99945209091373211 -0.0073678383533588715 -0.032268141039852358 1.2669216860632824 -0.0074432281024323903 -0.99996984150333723 -0.0022168534470293211 0.68240267082412676 -0.032250834463377696 0.0024558179470837715 -0.9994767894426696 44.568409691768004 0 0 0 1'}\n",
      "{'image_file': 'frame_0006.png', 'predictions': [{'class': 89.0, 'confidence': 0.9353832006454468, 'bbox': [[2588.31298828125, 1341.537841796875, 2692.234375, 1443.430908203125]]}]}\n",
      "Image Name: frame_0006.png\n",
      "Image Size (Pixels): (3840, 2160)\n",
      "anns_class: ['25a']\n",
      "[('25a', [2588.31298828125, 1341.537841796875, 2692.234375, 1443.430908203125])]\n",
      "Boundary: 2588.31298828125\n",
      "Boundary: 1341.537841796875\n",
      "Boundary: 2692.234375\n",
      "Boundary: 1443.430908203125\n",
      "85041\n",
      "{'f': '2822.7761746467008', 'cx': '-1.4846167111733253', 'cy': '-19.719878146815457', 'k1': '0.03995859213266123', 'k2': '-0.0067492350191110757', 'k3': '-0.040375477160038357', 'k4': '0', 'p1': '4.3724736785751615e-05', 'p2': '-0.0014542416392983482', 'b1': '0', 'b2': '0'}\n",
      "3840\n",
      "2160\n",
      "frame_0006.png\n",
      "[[0 0 0 ... 0 0 0]\n",
      " [0 0 0 ... 0 0 0]\n",
      " [0 0 0 ... 0 0 0]\n",
      " ...\n",
      " [0 0 0 ... 0 0 0]\n",
      " [0 0 0 ... 0 0 0]\n",
      " [0 0 0 ... 0 0 0]]\n",
      "Transform values: [0.9994520909137321, -0.0073678383533588715, -0.03226814103985236, 1.2669216860632824, -0.00744322810243239, -0.9999698415033372, -0.002216853447029321, 0.6824026708241268, -0.032250834463377696, 0.0024558179470837715, -0.9994767894426696, 44.568409691768004, 0.0, 0.0, 0.0, 1.0]\n",
      "Extracted position: [1.2669216860632824, 0.6824026708241268, 44.568409691768004]\n",
      "Transform values: [0.9994569808934266, -0.00769384353371679, -0.03203978956040805, 1.3033999598860404, -0.007750774688389249, -0.9999685959356945, -0.001653068094693566, 0.6814205116832395, -0.032026064933525215, 0.0019005036370798312, -0.9994852271298456, 44.334966693478684, 0.0, 0.0, 0.0, 1.0]\n",
      "Extracted position: [1.3033999598860404, 0.6814205116832395, 44.334966693478684]\n",
      "85041\n",
      "85041\n",
      "{'camera_id': '7', 'label': 'frame_0007', 'sensor_id': '0', 'transform': '0.99945698089342661 -0.0076938435337167901 -0.032039789560408052 1.3033999598860404 -0.0077507746883892486 -0.99996859593569454 -0.0016530680946935661 0.68142051168323947 -0.032026064933525215 0.0019005036370798312 -0.99948522712984555 44.334966693478684 0 0 0 1'}\n",
      "{'image_file': 'frame_0007.png', 'predictions': [{'class': 89.0, 'confidence': 0.946723461151123, 'bbox': [[2591.7900390625, 1349.935546875, 2698.2490234375, 1455.06982421875]]}]}\n",
      "Image Name: frame_0007.png\n",
      "Image Size (Pixels): (3840, 2160)\n",
      "anns_class: ['25a']\n",
      "[('25a', [2591.7900390625, 1349.935546875, 2698.2490234375, 1455.06982421875])]\n",
      "Boundary: 2591.7900390625\n",
      "Boundary: 1349.935546875\n",
      "Boundary: 2698.2490234375\n",
      "Boundary: 1455.06982421875\n",
      "85041\n",
      "{'f': '2822.7761746467008', 'cx': '-1.4846167111733253', 'cy': '-19.719878146815457', 'k1': '0.03995859213266123', 'k2': '-0.0067492350191110757', 'k3': '-0.040375477160038357', 'k4': '0', 'p1': '4.3724736785751615e-05', 'p2': '-0.0014542416392983482', 'b1': '0', 'b2': '0'}\n",
      "3840\n",
      "2160\n",
      "frame_0007.png\n",
      "[[0 0 0 ... 0 0 0]\n",
      " [0 0 0 ... 0 0 0]\n",
      " [0 0 0 ... 0 0 0]\n",
      " ...\n",
      " [0 0 0 ... 0 0 0]\n",
      " [0 0 0 ... 0 0 0]\n",
      " [0 0 0 ... 0 0 0]]\n",
      "Transform values: [0.9994569808934266, -0.00769384353371679, -0.03203978956040805, 1.3033999598860404, -0.007750774688389249, -0.9999685959356945, -0.001653068094693566, 0.6814205116832395, -0.032026064933525215, 0.0019005036370798312, -0.9994852271298456, 44.334966693478684, 0.0, 0.0, 0.0, 1.0]\n",
      "Extracted position: [1.3033999598860404, 0.6814205116832395, 44.334966693478684]\n",
      "Transform values: [0.9994669925387305, -0.007950564375842845, -0.03166258599183581, 1.3184557903595762, -0.00800513226878091, -0.9999666831270146, -0.0015970263978710708, 0.6801088697165026, -0.03164883383229374, 0.0018496383597215449, -0.9994973387433276, 44.08498794678717, 0.0, 0.0, 0.0, 1.0]\n",
      "Extracted position: [1.3184557903595762, 0.6801088697165026, 44.08498794678717]\n",
      "85041\n",
      "85041\n",
      "{'camera_id': '8', 'label': 'frame_0008', 'sensor_id': '0', 'transform': '0.9994669925387305 -0.0079505643758428449 -0.031662585991835808 1.3184557903595762 -0.0080051322687809106 -0.99996668312701464 -0.0015970263978710708 0.68010886971650264 -0.031648833832293742 0.0018496383597215449 -0.99949733874332758 44.084987946787173 0 0 0 1'}\n",
      "{'image_file': 'frame_0008.png', 'predictions': [{'class': 89.0, 'confidence': 0.9441225528717041, 'bbox': [[2603.23779296875, 1359.8309326171875, 2713.32275390625, 1467.8538818359375]]}]}\n",
      "Image Name: frame_0008.png\n",
      "Image Size (Pixels): (3840, 2160)\n",
      "anns_class: ['25a']\n",
      "[('25a', [2603.23779296875, 1359.8309326171875, 2713.32275390625, 1467.8538818359375])]\n",
      "Boundary: 2603.23779296875\n",
      "Boundary: 1359.8309326171875\n",
      "Boundary: 2713.32275390625\n",
      "Boundary: 1467.8538818359375\n",
      "85041\n",
      "{'f': '2822.7761746467008', 'cx': '-1.4846167111733253', 'cy': '-19.719878146815457', 'k1': '0.03995859213266123', 'k2': '-0.0067492350191110757', 'k3': '-0.040375477160038357', 'k4': '0', 'p1': '4.3724736785751615e-05', 'p2': '-0.0014542416392983482', 'b1': '0', 'b2': '0'}\n",
      "3840\n",
      "2160\n",
      "frame_0008.png\n",
      "[[0 0 0 ... 0 0 0]\n",
      " [0 0 0 ... 0 0 0]\n",
      " [0 0 0 ... 0 0 0]\n",
      " ...\n",
      " [0 0 0 ... 0 0 0]\n",
      " [0 0 0 ... 0 0 0]\n",
      " [0 0 0 ... 0 0 0]]\n",
      "Transform values: [0.9994669925387305, -0.007950564375842845, -0.03166258599183581, 1.3184557903595762, -0.00800513226878091, -0.9999666831270146, -0.0015970263978710708, 0.6801088697165026, -0.03164883383229374, 0.0018496383597215449, -0.9994973387433276, 44.08498794678717, 0.0, 0.0, 0.0, 1.0]\n",
      "Extracted position: [1.3184557903595762, 0.6801088697165026, 44.08498794678717]\n",
      "Transform values: [0.9994720480786227, -0.00818415533567708, -0.03144272111258795, 1.330056242194058, -0.008227823016236965, -0.9999653574857973, -0.001259665318574868, 0.6754442243073157, -0.031431322561037145, 0.0015177054203132506, -0.9995047616356417, 43.74322575485655, 0.0, 0.0, 0.0, 1.0]\n",
      "Extracted position: [1.330056242194058, 0.6754442243073157, 43.74322575485655]\n",
      "85041\n",
      "85041\n",
      "{'camera_id': '9', 'label': 'frame_0009', 'sensor_id': '0', 'transform': '0.99947204807862267 -0.0081841553356770801 -0.031442721112587953 1.330056242194058 -0.0082278230162369653 -0.99996535748579729 -0.001259665318574868 0.67544422430731565 -0.031431322561037145 0.0015177054203132506 -0.99950476163564173 43.743225754856553 0 0 0 1'}\n",
      "{'image_file': 'frame_0009.png', 'predictions': [{'class': 89.0, 'confidence': 0.9594997763633728, 'bbox': [[2624.62646484375, 1371.8387451171875, 2740.21337890625, 1484.9583740234375]]}]}\n",
      "Image Name: frame_0009.png\n",
      "Image Size (Pixels): (3840, 2160)\n",
      "anns_class: ['25a']\n",
      "[('25a', [2624.62646484375, 1371.8387451171875, 2740.21337890625, 1484.9583740234375])]\n",
      "Boundary: 2624.62646484375\n",
